7
0     12     10     2147483647     2147483647     2147483647     12
12     0     8     12     2147483647     2147483647     2147483647
10     8     0     11     3     2147483647     9
2147483647     12     11     0     11     10     2147483647
2147483647     2147483647     3     11     0     6     7
2147483647     2147483647     2147483647     10     6     0     9
12     2147483647     9     2147483647     7     9     0